,270492004,164889003,713427006,284470004,427172004,426177001,427084000,164934002
270492004,1,0.3,0.4,0.4625,0.425,0.5,0.425,0.3
164889003,0.3,1,0.4,0.3375,0.375,0.3,0.375,0.5
713427006,0.4,0.4,1,0.4375,0.475,0.4,0.475,0.4
284470004,0.4625,0.3375,0.4375,1,0.4625,0.4625,0.4625,0.3375
427172004,0.425,0.375,0.475,0.4625,1,0.425,0.5,0.375
426177001,0.5,0.3,0.4,0.4625,0.425,1,0.425,0.3
427084000,0.425,0.375,0.475,0.4625,0.5,0.425,1,0.375
164934002,0.3,0.5,0.4,0.3375,0.375,0.3,0.375,1
